0,506
150,35
0,504
0,502
0,501
0,500
0,499
133,2
133,0
132,2
120,2
20,3
20,2
20,1
17,3
17,2
17,1
15,3
15,2
15,1
19,2
12,3
19,1
12,2
19,3
12,1
11,3
11,2
11,1
10,3
10,2
10,1
18,1
9,3
9,2
18,3
9,1
8,3
8,2
8,1
3,3
3,2
3,1
0,410
0,324
2,2
0,278
2,1
2,3
0,243
133,1
133,3
132,1
132,3
120,1
120,3
148,1
0,0
148,3
0,304
14,1
13,1
14,3
13,3
150,34
150,33
150,32
150,31
150,30
150,29
150,28
150,27
150,26
150,25
150,24
150,23
150,22
150,21
150,20
150,19
150,18
150,17
150,16
150,15
150,14
150,13
150,12
150,11
150,10
150,9
150,8
150,7
150,6
150,5
150,4
150,3
150,2
150,0
0,317
0,9
